ID	Tweet ID
101	588385636681322497
102	588386306532777985
103	588386774797324289
104	588391388619890688
105	588392604800278528
106	588393903822372864
107	588394109808717824
108	588401493432119296
109	588402323078172672
110	588404846480515073
111	588411382325886976
112	588426575483432962
113	588434623228706816
114	588435520264523776
115	588441747333652482
116	588450499629834240
117	588450882456453120
118	588453395398287362
119	588466744869531648
120	588479834445193216
121	588486414314172416
122	588492191523188736
123	588506497828655104
124	588509543509790721
125	588515945666240515
126	588519327290142721
127	588532008713854977
128	588532268014112768
129	588535895596224512
130	588537400378273792
131	588538696258826240
132	588548353182420993
133	588570506657275905
134	588581233740812288
135	588595888580272130
136	588596464751747072
137	588631170721550336
138	588660923818119168
139	588670702863147008
140	588673926680727552
141	588678441249050624
142	588680344443949057
143	588698080012148736
144	588705428835422210
145	588713429210271745
146	588717513615224835
147	588723551110307840
148	588724479569874944
149	588735809873928192
150	588759657042214912
151	592545799113945088
152	592550315548782593
153	592573245842403328
154	592585625553018880
155	592587052983681024
156	592589103251726337
157	592600179892723713
158	592609434209284096
159	592642858907078656
160	592644794968604673
161	592645700032139264
162	592646578889953280
163	592646753322598401
164	592663440491184128
165	592668793979174913
166	592673183561609216
167	592689049321758721
168	592698985510473730
169	592713228049915905
170	592713655772422145
171	592718926141874177
172	592719471380459520
173	592719861555552257
174	592725998145302528
175	592729957396258816
176	592740319466237954
177	592764079086903297
178	592773254399524865
179	592800480578928640
180	592825290868584449
181	592826807608602624
182	592842984674238465
183	592846653897441281
184	592848362942144512
185	592849159792762880
186	592852871345008641
187	592857977541042176
188	592863849285550080
189	592878699327926273
190	592882047661776898
191	592889682347872258
192	592893757537841153
193	592898018120232960
194	592914591899856896
195	592928753979887616
196	592932043689951232
197	592932253212237825
198	592938824440877056
199	592940859118657536
200	592946405184032769
201	592967106943148032
202	592968169137909761
203	592971084015763456
204	592976629841833984
205	593006757753978883
206	593010438608138240
207	593021898801348608
208	593025890675601409
209	593026211070152704
210	593048933330456576
211	593052179407228928
212	593060301232279552
213	593066167104839680
214	593067623648210944
215	593082258560528385
216	593083730568224768
217	593089119259090944
218	593096169196228608
219	593096871385501696
220	593098725054095360
221	593113642826072065
222	593116187094953984
223	593119236580462592
224	593120368291905536
225	593139686870093824
226	593144056173072384
227	593156203926007808
228	593164793181274113
229	593172605743472640
230	593175825878523904
231	593176167290658817
232	593185248646692865
233	593188061804142592
234	593188787078979584
235	593192277276762112
236	593194430368186368
237	593201047272890369
238	593207590290628608
239	593225877141360640
240	593242113548095489
241	593254123568439296
242	593265651336122368
243	593268443903832064
244	593278186206691329
245	593282774913708032
246	593283621022203904
247	593287755171536896
248	593296863740067840
249	593299340346728448
250	593325489961508865
251	593332018823434241
252	593335769856507904
253	593342483842605056
254	593354889268469761
255	593377266253467648
256	593383631713767424
257	593383741931655168
258	593388034999119872
259	593396434008834048
260	593399236055695360
261	593400524894031872
262	593401268061786112
263	593401336214986752
264	593402370048032768
265	593417197764108288
266	593431843766140928
267	593435911267831808
268	593440926413893632
269	593445779827662849
270	593456661454553088
271	593456742270410752
272	593460075525775360
273	593463022380789760
274	593471530291572736
275	593476523883106304
276	593480441094656000
277	593481961160704002
278	593492157127864320
279	614110285641723905
280	614111024422125568
281	614116750292942848
282	614122170231357444
283	614146255833403392
284	614148863511908352
285	614150013074186242
286	614153593818447872
287	614155670019964928
288	614166793574158336
289	614169555418673152
290	614181946298658816
291	614190867541282818
292	614195815784054784
293	614201849478955008
294	614204063123554304
295	614217058126045184
296	614221737174110209
297	614227593064226816
298	614231705214283776
299	614238324224589824
300	614281504106000388
301	614282315481677824
302	614284607463235588
303	614298094641901568
304	614298725578465280
305	614299246515257344
306	614301589310996480
307	614306068085116929
308	614317058545844224
309	614326281216335872
310	614364596846133253
311	614376470459367424
312	614379743018938369
313	614394398890135552
314	614405278260441088
315	614437945769107457
316	614438772885729280
317	614439120140681221
318	614440876669059072
319	614443906843803648
320	614448573682438144
321	614451606646452225
322	614452782158909440
323	614453261958029313
324	614454906007777280
325	614459944360751104
326	614466607327285248
327	614466893802524672
328	614469100358627328
329	614471199557578752
330	614472498139131904
331	614472790414995456
332	614480391089602561
333	614488406668673024
334	614488927131426816
335	614489534689083392
336	614492758087069696
337	614500261558657024
338	614503050510778368
339	614506413243502593
340	614508369295052800
341	614509955178041344
342	614512291954999296
343	614514383583096832
344	614516346496413697
345	614518747315843072
346	614520720509505536
347	614521151818235904
348	614522836745523200
349	614526098068508672
350	614529088301219841
351	614530893592440832
352	614535542508617729
353	614539152818728961
354	614540481100300288
355	614540731705786368
356	614540924341751808
357	614548196333780992
358	614561468751679488
359	614570178395901952
360	614571549459247104
361	614575126886092800
362	614587602977562624
363	614600562269638656
364	614602549828657152
365	614625140517646336
366	614667562035490816
367	614684296926748672
368	614693638354829313
369	614695131023720448
370	614697090707537920
371	614735956663365632
372	614738893854932992
373	614743755455901696
374	614751572040388609
375	614757471572332544
376	614761513363091456
377	614781144316248064
378	614788293088014336
379	614789994029387776
380	614791492264013825
381	614794387592216577
382	614795170131763200
383	614795939421642752
384	614834380113113088
385	614835952427466752
386	614840453414793216
387	614853151246528512
388	614853438795550720
389	614859301224583168
390	614863301089075200
391	614867316916944897
392	614878080352436224
393	614879485566025728
394	614902501779750912
395	614902899206782976
396	614914356862713857
397	614915439395639296
398	614920108348207104
399	614928234870734848
400	614932512972869632
401	614935828641484801
402	614956040954605568
403	614992977589612544
404	615001746138636288
405	615007620689063936
406	615021842915586048
407	615022562188242944
408	615040335681560576
409	615051477690638336
410	615071763848937472
411	615076929742483456
412	615081243454087168
413	615091055873101824
414	615092038644707328
415	615097579269955584
416	615109711810039808
417	615111219318423552
418	615144607408521216
419	615146147380723712
420	615172793420914688
421	615173336654458881
422	615176730756648960
423	615202772540096512
424	615209092261543936
425	615211826884833280
426	615212029620547584
427	615222843559677952
428	615227822844583936
429	615229461773045760
430	615237649486360576
431	615243200668635136
432	615260431960178688
433	615260918159659011
434	615283807210577920
435	615290304925728772
436	615325099202228224
437	615326644576780288
438	615328362819637248
439	615341144596090880
440	615354048334688256
441	615356156999958528
442	615381076668755968
443	615392246750429184
444	615396430786727936
445	615396580892368896
446	615406959391477761
447	615409084016164864
448	615413783998107649
449	615414783655997440
450	615428038226894852
451	615465755631423489
452	615479249424613376
453	615487397849993216
454	615493967073906688
455	615501724430655488
456	615507063976824832
457	615507764236972032
458	615513663919796224
459	615521022318669824
460	615532172322205696
461	615532815510335488
462	615535570475982849
463	615537851527094272
464	615545705910808576
465	615578324421599232
466	615579999559528448
467	615587244401926144
468	615605529566576641
469	615606563311632384
470	615622443269386240
471	615629096874311680
472	615632044014440448
473	615638423706038272
474	615651612040663040
475	615654167433080832
476	615676873377320960
477	615684989703835648
478	615708450043990016
479	615711114932973568
480	615736273601343488
481	615741993633906689
482	615746638045315072
483	615763704399818752
484	615769139039219713
485	615816092452126720
486	615824291960107009
487	615824350625841152
488	615857524382781440
489	615871545953677312
490	615885828175216641
491	615886932589936640
492	615899024844005376
493	615904993996963841
494	615912501633548288
495	615942895334375424
496	615943531312644097
497	615945728314093568
498	615945767518220288
499	615946688411398148
500	615958651497508865
501	615961960392335361
502	615973996639600640
503	615974445220515840
504	615975753558138880
505	615977045382705152
506	615980523027079168
507	615994798651015168
508	615998500384288768
509	615998522869964800
510	616015956863787008
511	616018662814674946
512	616018879211536385
513	616040992496590848
514	616050058597806081
515	616053777150246913
516	616061321558290433
517	616068138120126464
518	616068819212214273
519	616069035743158272
520	616072668341669888
521	616076719968124928
522	616076837064540160
523	616088099785973761
524	616091020145618944
525	616117035156774912
526	616137915979186176
527	616192211865202688
528	616193962173427712
529	616211117346566144
530	616212129683738624
531	616218354672648192
532	616224165410902016
533	616224224122814464
534	616235871583367168
535	616245602196680704
536	616249435971002368
537	616258474347905024
538	616263478341337088
539	616274779167797248
540	616284422351007744
541	616284707291009028
542	616285260297453568
543	616285517924179968
544	616293820263755780
545	616302046631690242
546	616305119781482496
547	616334500818239488
548	616383390456131584
549	616388517636243456
550	616411429319639041
551	616414287389552640
552	616415341137125376
553	616417217534558208
554	616430842227724288
555	616441812329234436
556	616443316788301824
557	616450187691626496
558	616451539264081920
559	616452896792547328
560	616489688723947520
561	616511618600579072
562	616537209605386240
563	616539361883103233
564	616540976186806272
565	616553017740013568
566	616570897739186176
567	616573321191268353
568	616578384986927104
569	616578583780270080
570	616580143822213121
571	616587718408151040
572	616589352202862592
573	616590510505918464
574	616609541896015873
575	616618529434025984
576	616642745533399040
577	616650317300695040
578	616658304962560000
579	616682910255591424
580	616698784559464453
581	616701355193819137
582	616713526124548096
583	616715395710349312
584	616723132397846528
585	616728571227324416
586	616730865184415744
587	616744461943599104
588	616744973858279424
589	616751926408032256
590	616753314680672256
591	616758571770974208
592	616762478588882944
593	616765618285490176
594	616780004307959808
595	616790874119245824
596	616826241807572992
597	616838005257408512
598	616893456544333825
599	616980417246285824
600	616993718961201152
601	616996376103243776
602	617001556282593280
603	617006316536639488
604	617020005842944000
605	617046416465219584
606	617072942342606848
607	617109473669349376
608	617123393272328192
609	617145273559728128
610	617166690346889216
611	617170230574329857
612	617172431296335872
613	617175014975098881
614	614105499663888384
615	614107438652989440
616	614108966121934848
617	614111100024455169
618	614112487391170560
619	614115928767250432
620	614116008396201984
621	614120190071050240
622	614124675694620672
623	614126155533135872
624	614127521240494080
625	614127869174812672
626	614128193260249088
627	614133923648536577
628	614135540464676868
629	614141432375455745
630	614147279226802176
631	614172891685392385
632	614187757473103872
633	614196168877182976
634	614198451346272256
635	614206171876986880
636	614215689222488064
637	614217376544899073
638	614222467532328960
639	614243686751166464
640	614264217370275840
641	614276556589019136
642	614291614593191936
643	614291777533644800
644	614298552156602368
645	614299348029997056
646	614302874827378688
647	614303114854834177
648	614310668100063233
649	614325842437500929
650	614335883253121028
651	614370735767879680
652	614379764229480448
653	614383315286630400
654	614388208743383040
655	614389280278974464
656	614400332353900544
657	614400941001965568
658	614404950660149248
659	614410046169088000
660	614420756466765825
661	614421690001567744
662	614421985884549120
663	614423774801326080
664	614425907189526533
665	614440657835261952
666	614443969125052416
667	614447322806681600
668	614447450741452800
669	614448331469684736
670	614460594075254784
671	614463308024803329
672	614465385333592064
673	614467684760064000
674	614474950921994240
675	614480159626915840
676	614500466450264064
677	614506245685428224
678	614519120134975489
679	614522252474748929
680	614524510209994752
681	614528599635267584
682	614546430095687680
683	614546471371718657
684	614547781986824192
685	614554576079818752
686	614559214489497600
687	614566095752531968
688	614568539819741184
689	614579545350500352
690	614589549839294464
691	614590458325372928
692	614597740039831552
693	614614807098953732
694	614617333965811713
695	614620718043508738
696	614637017062842369
697	614640559345393664
698	614645894357520384
699	614646065942278144
700	614646975863128065
701	614651374408589312
702	614658066043248640
703	614664205849919488
704	614666864820486144
705	614673797677846528
706	614675124369780737
707	614685241924452352
708	614692224933208064
709	614708202228191232
710	614709172756570112
711	614725771391664128
712	614726626220204032
713	614733707447037953
714	614775966209036288
715	614777337155031040
716	614787268893540352
717	614797979149414402
718	614797986292367360
719	614817049232211968
720	614825557964906496
721	614848440024080384
722	614852648781615104
723	614868738265980933
724	614878081627459584
725	614878931653685248
726	614900712535912448
727	614902528367439872
728	614905817880494082
729	614908165050642436
730	614913574507380736
731	614918051687989249
732	614920555444056064
733	614922391496462336
734	614922832133255168
735	614927463643222016
736	614935809733492736
737	614953947762192384
738	614954612693577728
739	614965636364660738
740	614966107020070912
741	614976188075888640
742	615028467650854912
743	615028743455649793
744	615032511123488768
745	615041675186999296
746	615043524229136384
747	615045597217861632
748	615047533748817920
749	615053893660053504
750	615072924240752640
751	615106397726863364
752	615138042853130240
753	615138887741112320
754	615142664443314176
755	615147499540627456
756	615148163847036928
757	615149655899291648
758	615149666452111361
759	615150659298443264
760	615161455273504768
761	615170510838628352
762	615187736551518208
763	615193138605498368
764	615194955867271168
765	615203431897141248
766	615218297039134720
767	615220084257075200
768	615224516965437440
769	615226216375799808
770	615232113256718336
771	615239435962060800
772	615265325764866048
773	615268177031749632
774	615272589569720320
775	615276614180569088
776	615277228604178432
777	615278769092300801
778	615281280914210817
779	615284084030484480
780	615286853651070976
781	615290952622538753
782	615309852479352832
783	615311758186536960
784	615313764070526976
785	615333531082817536
786	615335399649447936
787	615343814291668992
788	615346552513507328
789	615346722714308608
790	615355312430682112
791	615355560175628288
792	615362237134303232
793	615374317422026752
794	615376147321262080
795	615396260191670273
796	615408841103134720
797	615418412139982848
798	615420105602793472
799	615422072483901440
800	615429973755740161
801	615432276118249472
802	615443926426628096
803	615445645122367488
804	615450610691784704
805	615457815130288128
806	615472990726262784
807	615482890214739968
808	615485383724236800
809	615491004389572609
810	615492517711187969
811	615495278167236609
812	615497485155475460
813	615512053747290112
814	615513089979600897
815	615515110732341249
816	615518222541025281
817	615520825563815936
818	615522467512229888
819	615522595828572160
820	615525602586574848
821	615528650029563904
822	615533297070780416
823	615534759310151681
824	615540056086986752
825	615540755919163392
826	615540780560572416
827	615541975928864768
828	615543002463928320
829	615544301557166080
830	615545173368524800
831	615550079865356288
832	615552899205062656
833	615553362562408448
834	615554313415467008
835	615555436566183936
836	615556730953564160
837	615557093358223360
838	615570087790178304
839	615570329180733441
840	615577932535341058
841	615580092211695616
842	615580228413431808
843	615580790705909760
844	615584241729056768
845	615586222388473856
846	615588842687434752
847	615592606156898304
848	615602645030469632
849	615605700329213952
850	615606694874357760
851	615608210754564096
852	615613594407845888
853	615618683856154624
854	615619817660358660
855	615620900025729024
856	615622156131672064
857	615628303639158784
858	615645553704091648
859	615655449388433408
860	615661896595804164
861	615662996560351233
862	615672575339802624
863	615680463881908224
864	615681835419332608
865	615689183730872320
866	615695217753088001
867	615700991866834944
868	615701461146714112
869	615723030589870080
870	615723322668642305
871	615724045682741248
872	615724430631813120
873	615738539284692992
874	615761185984507904
875	615763158766989312
876	615766245632163840
877	615768220587290624
878	615783834517291009
879	615800438265221120
880	615807439439425536
881	615810434650652673
882	615818939172552704
883	615823423441207296
884	615827143017148416
885	615827171244834816
886	615827255634165761
887	615828046893875200
888	615829135433187328
889	615830492294746113
890	615831595904163840
891	615832258658889728
892	615832391400030208
893	615833388344197120
894	615842430672326657
895	615846596933210112
896	615846660451774464
897	615857822782357504
898	615858298667937793
899	615864398595276800
900	615875560233775104
901	615890918873411584
902	615955151233372160
903	615992602572165120
904	616239106679566336
905	616356179372060672
906	616583504999116800
907	616648825328021504
908	616657058436411393
909	616674719073468416
910	616685354402336768
911	616734452815917056
912	616739794966556672
913	616742173535510528
914	616756073303662592
915	616758930698539008
916	616767617689202688
917	616768948453838849
918	616777385069776896
919	616793541705113600
920	616794658203549704
921	616794694211604480
922	616796698598371328
923	616796805603311616
924	616810170186752000
925	616810866902568960
926	616826858026369025
927	616829304320753664
928	616885667172368384
929	616889280514822144
930	616889453869559809
931	616896427432771585
932	616899790924853248
933	616900117002616832
934	616924176088236032
935	616925989977853952
936	616983281439903744
937	616986353063063556
938	616987964602605568
939	616995962322616320
940	617002762853859328
941	617027645893545985
942	617029838809870336
943	617041230539522048
944	617049359264256000
945	617148193906622464
946	617760736950026240
947	617764456618192896
948	617768586996793344
949	617825695255781377
950	617939620022489088
951	617942522640375808
952	617942610414428160
953	617950963656036352
954	617956001543655424
955	618043216156340224
956	618048761864937473
957	618060596869771265
958	618075431816687616
959	618090039474552832
960	618095626073567232
961	618096762104991744
962	618104452294295552
963	618106694145409024
964	618109172308013056
965	618109606082949120
966	618109937676328961
967	618114298120777728
968	618114497450905600
969	618115856178921472
970	618117105586536448
971	618117658181918720
972	618122601970319360
973	618128417326821377
974	618131199144390657
975	618137472241799168
976	618139272005025792
977	618152957041741824
978	618162207751208960
979	618170765393981440
980	618171033321873408
981	618171309273427968
982	618192620750180352
983	618198363352207361
984	618224921236238336
985	618224960448782336
986	618243519434653696
987	618244467515068417
988	618245392623230976
989	618249862442659841
990	618258744921726976
991	618261149662904320
992	618261853785886720
993	618265044749422592
994	618274956179316736
995	618275217257791488
996	618278174447669250
997	618292659971424256
998	618298183832068096
999	618313658028810240
1000	618314702465032192
1001	618317301167685632
1002	618322229298876416
1003	618327264791408640
1004	618327534904717312
1005	618328269864235009
1006	618328300344221696
1007	618328436524781568
1008	618334744342855681
1009	588385335123451904
1010	588386794275610626
1011	588392716372992000
1012	588393340099493888
1013	588396780208947200
1014	588397759805394944
1015	588398699782483968
1016	588402793481949184
1017	588412760943435778
1018	588425794969440256
1019	588429912681381888
1020	588439850036002817
1021	588440215699775488
1022	588440900495245314
1023	588444202410770432
1024	588444235935842304
1025	588449233054883840
1026	588454999413391360
1027	588455881848791040
1028	588457762239057920
1029	588460136047452160
1030	588467155152306177
1031	588471260847296513
1032	588474134553821186
1033	588477499044192256
1034	588493593796595712
1035	588495813774614529
1036	588497616490655744
1037	588498102211842048
1038	588507014084583424
1039	588508177857019904
1040	588510216272084993
1041	588517076156813312
1042	588519429207683072
1043	588521989230362624
1044	588523621351497729
1045	588528081889054720
1046	588530450106318848
1047	588530846186901506
1048	588538643163258880
1049	588542195168251906
1050	588551752779104256
1051	588551832764547073
1052	588553481784414208
1053	588553651154653184
1054	588573912125964289
1055	588581982700851200
1056	588625327988936704
1057	588629417313710080
1058	588653223994490880
1059	588656894593658881
1060	588662767386808320
1061	588694604460888064
1062	588699739513815042
1063	588708170085888000
1064	588711540339113985
1065	588718424282554368
1066	588722942445359104
1067	588724086672527361
1068	588725171151843328
1069	588728904707399680
1070	588733231706427393
1071	588742923811823616
1072	588754374488420354
1073	588758889367232512
1074	588759327139201024
1075	592530980017205248
1076	592533087365373953
1077	592533997588209664
1078	592535223423885312
1079	592536079695159297
1080	592536158589988864
1081	592536253331038208
1082	592536875711205376
1083	592536926390853632
1084	592538353440059392
1085	592539474699100160
1086	592540629495754754
1087	592541583532269568
1088	592543205603811329
1089	592546269752467458
1090	592554709073960960
1091	592557355583156225
1092	592560782325350400
1093	592566057673433088
1094	592576795104292865
1095	592577347347292160
1096	592578496343343104
1097	592579126076149761
1098	592582524078927872
1099	592589950975090688
1100	592593036049190912
1101	592594081433321474
1102	592594960521629697
1103	592595400982429696
1104	592602029891133440
1105	592606119664734208
1106	592612732807081984
1107	592620506379091968
1108	592624253977014274
1109	592624905394487296
1110	592628558729760769
1111	592637234299404288
1112	592641049727770624
1113	592660021118410753
1114	592662629216292867
1115	592664903359561728
1116	592670553368035328
1117	592670576860385283
1118	592685755933294592
1119	592686360336736256
1120	592688604780077056
1121	592691737224683521
1122	592693866572185601
1123	592701048688648193
1124	592706764258332672
1125	592707637705383937
1126	592708507947925506
1127	592710411344080896
1128	592715073363247104
1129	592718115521306625
1130	592718126862757889
1131	592726476052652036
1132	592726475943616513
1133	592733241339154432
1134	592736616206172160
1135	592737379124903936
1136	592747076364144641
1137	592748215390367747
1138	592752825450549249
1139	592758398334140416
1140	592759601684156419
1141	592764391579324417
1142	592765422577004544
1143	592777574981509121
1144	592780220341563393
1145	592791524171186176
1146	592791937058471937
1147	592794332731674624
1148	592795114856144896
1149	592796389232476160
1150	592803163343839232
1151	592808895942414336
1152	592810439807016960
1153	592814449267990528
1154	592818548579393536
1155	592821114168090624
1156	592825280454070273
1157	592827591976947713
1158	592827811758497794
1159	592833687227600897
1160	592837263412875265
1161	592839970483740674
1162	592842077026840576
1163	592857384839708674
1164	592866525784190976
1165	592870297927286786
1166	592873999396384768
1167	592874124298555392
1168	592884688966025217
1169	592891086915371008
1170	592898722654224384
1171	592899956756840448
1172	592909023177023489
1173	592923352177582080
1174	592932392454725632
1175	592934328641916928
1176	592935473632419840
1177	592939966159720448
1178	592940512178544640
1179	592945245379145728
1180	592945473649975296
1181	592946574352883712
1182	592955236869906432
1183	592972969699364864
1184	592981643922550784
1185	592993165474271233
1186	592994701076213760
1187	592995596832673792
1188	593004146527064064
1189	593017722130292736
1190	593027336854994944
1191	593027602203422720
1192	593027776824881152
1193	593028177972330497
1194	593028277914173441
1195	593028387259731968
1196	593028873710915584
1197	593031726240239616
1198	593038252954808320
1199	593040464116330496
1200	593040819801690114
1201	593041899709136896
1202	593042106861641728
1203	593046168751452160
1204	593054572228321282
1205	593056500462956546
1206	593065357943902210
1207	593066752482902016
1208	593076797706670080
1209	593081703276650499
1210	593084627083993088
1211	593085168304398336
1212	593089887827529729
1213	593096339627614211
1214	593099625868951552
1215	593102678512762880
1216	593118928764731392
1217	593129653155602432
1218	593134070336368641
1219	593135451520786432
1220	593146110102806528
1221	593154742257233920
1222	593156122921533440
1223	593163898913628160
1224	593164491078041600
1225	593167563250610176
1226	593168117729136640
1227	593192620605726721
1228	593199389432250369
1229	593200102946304000
1230	593206528297062400
1231	593208489855553537
1232	593214862777577473
1233	593229964851486720
1234	593237488656867329
1235	593243123272253441
1236	593245538226610176
1237	593247235833503744
1238	593258898875936768
1239	593265486588182528
1240	593284886976331776
1241	593296962213978113
1242	593318246092115968
1243	593320110976270336
1244	593326170382454784
1245	593347751016005632
1246	593354503593664514
1247	593355218823323648
1248	593368114441617408
1249	593383534729043968
1250	593388517541056513
1251	593400781052706816
1252	593428992008552448
1253	593433992084344832
1254	593441881478037504
1255	593442148801994752
1256	593443879405228032
1257	593454286375243777
1258	593462093917122560
1259	593462551226294273
1260	593466449399775232
1261	593467583053078529
1262	593470828559360002
1263	593478291899731968
1264	593480769647091712
1265	593481497245523968
1266	593481692146458625
1267	593487743356903426
1268	593492747165761537
1269	593504838584905730
1270	614112356134686720
1271	614113189559730176
1272	614114660267094017
1273	614117830078803968
1274	614130559095324672
1275	614131007747440640
1276	614131449978060800
1277	614132379834318851
1278	614134158651170816
1279	614135222318309376
1280	614135996247093248
1281	614136218205483008
1282	614136348346294273
1283	614138881001308161
1284	614139611368038401
1285	614142230547271680
1286	614144163676835841
1287	614152080975134720
1288	614152373821378560
1289	614159688469491712
1290	614172409508286464
1291	614174645449793536
1292	614174739339153408
1293	614177315032068096
1294	614183154300096512
1295	614188980318306305
1296	614195770020003840
1297	614199533610905600
1298	614200988233265152
1299	614210805907783680
1300	614216956338638853
1301	614218023730323457
1302	614235773940965376
1303	614237396645859328
1304	614239270526709764
1305	614241596100313088
1306	614248722030010368
1307	614255607307214848
1308	614255911742373888
1309	614259487491420160
1310	614286646045900800
1311	614291429301600256
1312	614294129405603840
1313	614299030210879488
1314	614299611784716288
1315	614299913795543040
1316	614300910106361856
1317	614304376899944448
1318	614316314019151872
1319	614331793454469120
1320	614336197549096962
1321	614337708538863616
1322	614345594736377856
1323	614350868519890944
1324	614353052267483136
1325	614370262394535936
1326	614391309483290625
1327	614396910879666176
1328	614400040719773696
1329	614400843178086400
1330	614409627111919616
1331	614424714656677888
1332	614445865055338496
1333	614457834365931520
1334	614459219358515201
1335	614460679685169152
1336	614472494662205440
1337	614476214925815808
1338	614485205294845952
1339	614487761182138368
1340	614497291894919168
1341	614499223334092800
1342	614526287768612864
1343	614526917711007744
1344	614544315013033985
1345	614549938484191234
1346	614551617480867840
1347	614552291128025092
1348	614582451566968832
1349	614588420925489152
1350	614592293643911168
1351	614593842075951104
1352	614595645144338432
1353	614632706576674816
1354	614644838995132416
1355	614663108162928640
1356	614699529451909124
1357	614702304323698689
1358	614707099688308736
1359	614735170021691392
1360	614765022296866816
1361	614769118147911681
1362	614781044462649345
1363	614787536414744576
1364	614787862483988480
1365	614809328843943936
1366	614820069059768321
1367	614831559883886595
1368	614836463067340800
1369	614836849241145344
1370	614839617737650177
1371	614845945188974592
1372	614854369608138752
1373	614854497739898880
1374	614854745417715712
1375	614855235933114368
1376	614861584406548480
1377	614871442191028225
1378	614884338476281856
1379	614890822396284928
1380	614912780618067968
1381	614924530155421697
1382	614926740159213568
1383	614940872040321024
1384	614942039357149184
1385	614967738935717888
1386	614974026902052864
1387	615008478868865024
1388	615012970372972544
1389	615026511993806848
1390	615032975047196673
1391	615043642646892544
1392	615060817524981760
1393	615076509385158656
1394	615086624670679040
1395	615105604705648640
1396	615118166298116096
1397	615118720910925824
1398	615141302263414784
1399	615152556411523072
1400	615166181876568065
1401	615166831008026624
1402	615168217129058304
1403	615168467843588096
1404	615168670852059136
1405	615169024121569280
1406	615170225068220416
1407	615170531692838912
1408	615171418154795008
1409	615172852719857666
1410	615188264996241408
1411	615216143230496768
1412	615226445435158528
1413	615236412594634752
1414	615253524973264896
1415	615262029352321024
1416	615263123235315712
1417	615263643689598976
1418	615268089362546688
1419	615273439646089216
1420	615286564718051328
1421	615288566168555521
1422	615295786532913152
1423	615305061271474176
1424	615317074559119360
1425	615318721641451520
1426	615325263996424193
1427	615352013409234944
1428	615361555602014209
1429	615362175100698624
1430	615362674331910144
1431	615364256251383808
1432	615364419489505280
1433	615368250998824960
1434	615370944350146560
1435	615372675129589760
1436	615374409780604929
1437	615384185314910208
1438	615385295362609152
1439	615395260823265280
1440	615409228430360577
1441	615468392196243456
1442	615470530955767808
1443	615488566760710144
1444	615522778838491136
1445	615545616555470848
1446	615552943627083777
1447	615558577743372288
1448	615560419923599360
1449	615562383898058752
1450	615563571452317696
1451	615566732472643588
1452	615580045013295104
1453	615601751844978688
1454	615617996749438976
1455	615625609205583872
1456	615626575598514177
1457	615628692207894528
1458	615636084001775616
1459	615637779108659200
1460	615640281808044036
1461	615659605520199680
1462	615663143843463168
1463	615672818479468545
1464	615691431328509952
1465	615691930748473345
1466	615740101650296832
1467	615740511765147648
1468	615743099692818432
1469	615759427765825536
1470	615759687594610688
1471	615774326294384640
1472	615786634370379776
1473	615793434121515009
1474	615824843695468544
1475	615835470585593857
1476	615881440517971968
1477	615882266661642240
1478	615887254880428032
1479	615891619645030400
1480	615914912108421120
1481	615929731855347712
1482	615949425500901377
1483	615951305274748928
1484	615983097650151424
1485	615989480500121600
1486	615997187651055616
1487	616006971783815169
1488	616009212477345793
1489	616016361207267328
1490	616017044706758657
1491	616018742678560768
1492	616019504527601665
1493	616020081483517952
1494	616025290679058432
1495	616027417824595969
1496	616039104048955392
1497	616042034693033984
1498	616044271796420608
1499	616047197151342593
1500	616048889058082816
1501	616051049191747584
1502	616080892566589440
1503	616086737933045761
1504	616102790880833536
1505	616102810262704128
1506	616114893293506561
1507	616115832771358720
1508	616127975801499648
1509	616162831180939264
1510	616184549383475200
1511	616192475976335360
1512	616204276596088832
1513	616218488135385088
1514	616243195782021120
1515	616243425818578944
1516	616247602292592640
1517	616255576356425728
1518	616256102657757184
1519	616257285766127616
1520	616262265147265024
1521	616262894037135360
1522	616263159691747329
1523	616275705400307712
1524	616276185664909312
1525	616276761500876800
1526	616295438128427008
1527	616295598317268992
1528	616299950482264064
1529	616302398080839684
1530	616304415704772608
1531	616307884255789057
1532	616309038704259072
1533	616309280929505280
1534	616315823054057472
1535	616320711754317824
1536	616326961091231745
1537	616329139721625604
1538	616333112100831232
1539	616338350274772993
1540	616343552675741696
1541	616347295202824192
1542	616371464019668992
1543	616374816241639424
1544	616375300465762304
1545	616377952138326016
1546	616380283902914560
1547	616381846910337025
1548	616397175707312129
1549	616407940866686976
1550	616412285830066176
1551	616412390075273216
1552	616413990239899648
1553	616414652646428672
1554	616417898802884608
1555	616418651219066880
1556	616422745191116800
1557	616451603076263936
1558	616463156681048064
1559	616494509552054272
1560	616494907553767424
1561	616496415158738944
1562	616499434898108416
1563	616504616272838656
1564	616510170227736576
1565	616512632267210752
1566	616515954239868928
1567	616528025828470784
1568	616528593644994560
1569	616529308345982976
1570	616537421233168384
1571	616563177007017984
1572	616590510677848064
1573	616596962939305984
1574	616599629178740736
1575	616603178923106304
1576	616604342431449088
1577	616605755551166464
1578	616607267761336320
1579	616607575144972288
1580	616607638885924864
1581	616608052100374528
1582	616609899754205184
1583	616613349288054785
1584	616615081036656642
1585	616619935737991168
1586	616620431907360768
1587	616621347066654720
1588	616621571373953025
1589	616622326763945984
1590	616623663668928512
1591	616624993972174848
1592	616625978702434304
1593	616627544473907200
1594	616627793686855681
1595	616629005186400256
1596	616629177811365888
1597	616633575887212544
1598	616634141631741952
1599	616634516430553088
1600	616635394000457729
1601	616635681733914624
1602	616636108491915266
1603	616636648126836738
1604	616690863574491136
1605	616708298583093248
1606	616723190191001600
1607	616723494101979136
1608	616728494295371776
1609	616737840840314881
1610	616749083621855232
1611	616751317248311297
1612	616752685790965760
1613	616752754070028288
1614	616768095684694017
1615	616774484465336320
1616	616785173951033344
1617	616818819739226112
1618	616834372143042560
1619	616834744882470912
1620	616836378844876800
1621	616855028905717760
1622	616855376902795264
1623	616858463868710912
1624	616858997346443265
1625	616864865521664000
1626	616867805430857728
1627	616886729111437312
1628	616889535658618881
1629	616914186258489344
1630	616914308581036032
1631	616928690354692096
1632	616946580801716225
1633	616948518306099200
1634	616949417342595072
1635	616962903007195136
1636	616969529210572800
1637	616978867832668160
1638	616987955337412609
1639	616995512957431808
1640	617006731302948865
1641	617013926753136640
1642	617030820402892801
1643	617038771976978433
1644	617055884620005376
1645	617055918950346752
1646	617057010941599745
1647	617072284461744132
1648	617084453081329664
1649	617098481862352896
1650	617098754756218884
1651	617101336874758144
1652	617120413642915840
1653	617154403250798592
1654	617173869728632832
1655	617177986253594624
1656	617192546427482112
1657	617196784071237632
1658	617214810107850752
1659	617241379589128192
1660	617261427988938753
1661	617279126202781696
1662	617287081505632257
1663	617305534459445248
1664	617326750893256705
1665	617330826057887744
1666	617330925949554689
1667	617336674377334784
1668	617337415016009728
1669	617337570100273152
1670	617346222672748544
1671	617362878488805377
1672	617364130106863616
1673	588384578500366336
1674	588384760642215936
1675	588385316366639104
1676	588388389017280513
1677	588395141372620801
1678	588398002567446528
1679	588398193009803264
1680	588398340175364096
1681	588403780191817729
1682	588403801469554688
1683	588409792995143680
1684	588413555541680129
1685	588413586269044737
1686	588418889077260288
1687	588419658874773504
1688	588420531495575552
1689	588423419223375872
1690	588425467381747713
1691	588426207001235457
1692	588428960498720768
1693	588429356260667393
1694	588439479897223168
1695	588442075642736642
1696	588445085332680704
1697	588445807566721024
1698	588452095612715010
1699	588452880446697472
1700	588453948761202688
1701	588455501756637184
1702	588456068952502272
1703	588457539202904064
1704	588461985953484802
1705	588471349561069568
1706	588474052211318785
1707	588474831898877953
1708	588483229662883840
1709	588485304027377664
1710	588486479875182592
1711	588490211874615296
1712	588491128489414657
1713	588491905878503425
1714	588494211722293248
1715	588501823662657536
1716	588506587976880128
1717	588510405711908864
1718	588515807552004096
1719	588518619237199872
1720	588521404519190528
1721	588521426669285376
1722	588521535134019584
1723	588522163969380352
1724	588523012271386624
1725	588524220025589760
1726	588526269135912960
1727	588530826813378562
1728	588532058940514304
1729	588541125042012160
1730	588543718782820352
1731	588543940611051520
1732	588545951083536385
1733	588547124091981824
1734	588547650393341952
1735	588548263969619969
1736	588556497778511872
1737	588557334076469249
1738	588558052325924864
1739	588561818387292162
1740	588568120308051968
1741	588570786618683392
1742	588575939304394753
1743	588581336580927488
1744	588587659431284736
1745	588593299549650944
1746	588602783785320448
1747	588623327515783168
1748	588632453239144450
1749	588677198946533378
1750	588678087400882176
1751	588680041342570499
1752	588686361873481730
1753	588689768113909760
1754	588690164291149824
1755	588690573026058240
1756	588698224740868096
1757	588698231481180160
1758	588701697268064257
1759	588702640625754112
1760	588711267742814208
1761	588717551405899776
1762	588718010036269056
1763	588721129642184704
1764	588721247309012993
1765	588722660000956416
1766	588731141420613635
1767	588732135713832960
1768	588732595548114944
1769	588737891712442368
1770	588742545619951616
1771	588746989870981120
1772	588750484111904768
1773	588750819790442497
1774	588751898305396736
1775	592560126944550912
1776	592652664896368640
1777	592669363787948032
1778	592671722832326656
1779	592701985800986624
1780	592727969900138497
1781	592736797500780544
1782	592746307648942080
1783	592747364533837826
1784	592776323342442497
1785	592778696932614144
1786	592788081570402304
1787	592798360945430528
1788	592801588105846784
1789	592803449202417664
1790	592814503693279234
1791	592814641341935618
1792	592814927355768832
1793	592816873156247552
1794	592856998133276672
1795	592868600979038208
1796	592868679072743425
1797	592870380743823360
1798	592875659044777985
1799	592880937605660672
1800	592882762404732928
1801	592884221229867009
1802	592902519996579840
1803	592916053719519232
1804	592922727872405504
1805	592953854498594816
1806	593026562586497024
1807	593068022547382272
1808	593069234134994944
1809	593078724016242688
1810	593087291842691074
1811	593088810772205568
1812	593135512698933248
1813	593149367571349504
1814	593151237895356416
1815	593152198554603520
1816	593162280210178048
1817	593169975424122880
1818	593178731176333312
1819	593185589010309120
1820	593188280591482880
1821	593191297437040641
1822	593197550427058176
1823	593204298508447744
1824	593208077156880384
1825	593212877193916416
1826	593217660059459584
1827	593221425353388032
1828	593223680362213376
1829	593223687706378240
1830	593226648713097216
1831	593227318631518208
1832	593237012662067201
1833	593238267337703426
1834	593249845328089089
1835	593261079620362240
1836	593276712407986178
1837	593280212353327104
1838	593295038735462400
1839	593322361954271232
1840	593400064682385409
1841	593416618044067840
1842	593417550438014977
1843	593418172977389568
1844	593418399901966336
1845	593420067544670208
1846	593426794121863168
1847	593426988179836928
1848	593427611629543427
1849	593430442314964992
1850	593434789841137664
1851	593435252976156672
1852	593441607367532544
1853	593450247512272898
1854	593472021624913920
1855	593472176721887235
1856	593472745809321985
1857	593476794969362432
1858	593487472778162176
1859	614111172908855296
1860	614115183959650304
1861	614118164155142144
1862	614120364612784128
1863	614123124238319616
1864	614124257996464128
1865	614126112860323840
1866	614134012764930048
1867	614134333713088512
1868	614146999731027969
1869	614162764383170560
1870	614166256086749185
1871	614171901762473984
1872	614172352713240576
1873	614188877197246470
1874	614196144814452736
1875	614204223056535552
1876	614209038474031104
1877	614210645274324993
1878	614211579920433152
1879	614213308137078784
1880	614219898940559360
1881	614220030473957376
1882	614220627025727488
1883	614223467211280384
1884	614225732290523136
1885	614225756152037378
1886	614228818040082433
1887	614233635521212416
1888	614241300922109956
1889	614242554213588992
1890	614250095073230848
1891	614250978628517888
1892	614251175303450624
1893	614252094506319872
1894	614252209895641088
1895	614253847033348096
1896	614260081312559104
1897	614260299718242304
1898	614265966944485377
1899	614269784239181824
1900	614272485098430464
1901	614278099115601920
1902	614278217969610752
1903	614280079426752512
1904	614282348843024384
1905	614290153205428224
1906	614303418811678720
1907	614320832194568192
1908	614325564648878080
1909	614330474106781696
1910	614360983578882048
1911	614375300898516992
1912	614385761467691008
1913	614408564694740992
1914	614416061874634757
1915	614425939263520768
1916	614432243780468737
1917	614438583403945985
1918	614442384508755968
1919	614443840284585986
1920	614447212488077312
1921	614447543359922176
1922	614449384625975296
1923	614453007468597249
1924	614454999087607808
1925	614456164097458177
1926	614456606407946241
1927	614460696244256768
1928	614465977242161152
1929	614467498608431104
1930	614475201997348865
1931	614486251325009920
1932	614499376837193728
1933	614504579657433089
1934	614506715279716353
1935	614510092507963392
1936	614514318198087680
1937	614516863037476864
1938	614518006270443520
1939	614519134378799104
1940	614520924444819456
1941	614521122743304192
1942	614525205084372992
1943	614531521479884800
1944	614535350262730752
1945	614539327213817860
1946	614539363729412096
1947	614542363143204864
1948	614547446329294849
1949	614552886337363968
1950	614558677866053632
1951	614559779298541568
1952	614561453886967812
1953	614565497003188225
1954	614567785155330048
1955	614568601228591104
1956	614569248896081920
1957	614576573128294400
1958	614580403169460224
1959	614584038519635968
1960	614589979172286464
1961	614590271964078080
1962	614593524097527808
1963	614594180749389824
1964	614594680043376640
1965	614595737800843264
1966	614601430247280640
1967	614602505591259136
1968	614602534477500416
1969	614604200111120386
1970	614610416497356800
1971	614613874470440960
1972	614614551833657344
1973	614619578572931072
1974	614622600283705344
1975	614625673018232836
1976	614629564266844160
1977	614637194964107264
1978	614664929673637889
1979	614676022525587456
1980	614679202995040257
1981	614680267790249984
1982	614692830355722241
1983	614694915302297601
1984	614707680746180608
1985	614714602815754240
1986	614732063883829248
1987	614752362838794241
1988	614752492178534400
1989	614754124438065152
1990	614763131764666368
1991	614764463758135296
1992	614788193368547328
1993	614799024185413633
1994	614801288535130113
1995	614804678216388608
1996	614816475820523520
1997	614825243119587329
1998	614832351747682304
1999	614832980096258048
2000	614841496592887808
2001	614843827636015104
2002	614857599293497345
2003	614861965714784256
2004	614868578987298816
2005	614875434103275520
2006	614893069448650752
2007	614897854646239232
2008	614905627618488321
2009	614918321679372288
2010	614936339323064322
2011	614937080888623104
2012	614954773188636673
2013	614956921158782976
2014	614961514290806784
2015	614964551273082880
2016	614967141402423297
2017	614980722433097728
2018	614984081118482432
2019	614986056249651200
2020	614990003979030528
2021	615016164024913921
2022	615023577922809856
2023	615028524387151872
2024	615031631779373056
2025	615124725241528320
2026	615131406033928192
2027	615134709308358656
2028	615168092746944512
2029	615199296800071680
2030	615199630121410560
2031	615205234852384769
2032	615209464581361664
2033	615211658261200896
2034	615219663467732992
2035	615231425772711936
2036	615231846209552384
2037	615232675041968128
2038	615269886051246080
2039	615283685655343104
2040	615288244385808384
2041	615303383486988288
2042	615306154147713024
2043	615354955843665920
2044	615357576591486977
2045	615361718705909760
2046	615377972116074496
2047	615378409959505920
2048	615381748604645376
2049	615388631360876544
2050	615402033084895233
2051	615409686599208960
2052	615487628679507968
2053	615504326992080897
2054	615508847810117632
2055	615518053153923072
2056	615518256103849984
2057	615524583551184896
2058	615533531977134080
2059	615534645459992576
2060	615539534676123650
2061	615540320315424768
2062	615547417811791872
2063	615569744553472002
2064	615573020229410816
2065	615583579108691968
2066	615604238794797058
2067	615608645913411585
2068	615634522047160320
2069	615637735735488512
2070	615644646631305220
2071	615657653696638976
2072	615683889923657728
2073	615690807845236736
2074	615693000937734144
2075	615695091013971968
2076	615705821419208704
2077	615724795406082053
2078	615729402500878336
2079	615740536264245248
2080	615754450473324544
2081	615760249996181504
2082	615838323349827584
2083	615839503186591744
2084	615851774516285440
2085	615875318226640896
2086	615879424823697409
2087	615889142296264705
2088	615907498244075520
2089	615909503066898432
2090	615911104141627392
2091	615913753410797569
2092	615942247838842880
2093	615951204661755905
2094	615952987589058567
2095	615955423007391744
2096	615970189071380481
2097	615970468550586368
2098	615983599242743808
2099	615983652598624256
2100	615987334924742656
2101	615988383895040000
2102	615989093470728192
2103	615993516464865280
2104	615998628616781824
2105	616001052727382016
2106	616006247121186816
2107	616023979376029696
2108	616027724348391424
2109	616028282530607104
2110	616031714977058817
2111	616031875996516353
2112	616037534057955328
2113	616040288818188288
2114	616040713172574208
2115	616044844847394816
2116	616056720301821952
2117	616060142669279233
2118	616067848520085505
2119	616072418608574464
2120	616074338198917120
2121	616076391344246785
2122	616080542161833984
2123	616081111509278724
2124	616087699250905088
2125	616088947987320833
2126	616091016836333568
2127	616092245381541888
2128	616098473654382592
2129	616107164810256385
2130	616108820121554944
2131	616120469062729728
2132	616137868721831936
2133	616182478814875649
2134	616211120249028608
2135	616216860875485184
2136	616218680184164352
2137	616221866693394432
2138	616225131812245505
2139	616233653861945345
2140	616238751707230208
2141	616238974588170240
2142	616258949654843392
2143	616260749510451200
2144	616261745422782464
2145	616264078907080705
2146	616268132429209600
2147	616268298523578373
2148	616270182613319680
2149	616270999613538304
2150	616272461168971776
2151	616273322808971264
2152	616275783796002816
2153	616285133587353600
2154	616285682714152961
2155	616290037802602496
2156	616290247027003392
2157	616293374237093888
2158	616293893320089600
2159	616300460723585024
2160	616301103303557120
2161	616303373055213568
2162	616307971132231680
2163	616308231959392257
2164	616308347399221248
2165	616316134552309760
2166	616317459990216704
2167	616317463022710784
2168	616324891801858048
2169	616338643729432577
2170	616340404502335488
2171	616340530914422784
2172	616341055328227328
2173	616356994019119105
2174	616361341150887937
2175	616372401031507968
2176	616380892097966080
2177	616382587456503808
2178	616387609967759360
2179	616389764812386304
2180	616390668454248448
2181	616399875882680320
2182	616416957445726208
2183	616421494973984769
2184	616428269605261312
2185	616432141056917504
2186	616436971284475904
2187	616448038953816064
2188	616462460959109120
2189	616463675839356928
2190	616463898720374785
2191	616466750226305024
2192	616483288098697216
2193	616508875425058816
2194	616514770141904896
2195	616563638032289792
2196	616566047928250368
2197	616573631737556992
2198	616583924270149632
2199	616586302180429824
2200	616591919590674432
2201	616592144317284352
2202	616593538319409153
2203	616606745582919680
2204	616610041643302912
2205	616611032069337088
2206	616628399021297665
2207	616631034935934977
2208	616643628149178368
2209	616654253810155521
2210	616676936727834624
2211	616683980855844864
2212	616692706883076096
2213	616704078945517568
2214	616705709841854468
2215	616711316712001536
2216	616724975127429120
2217	616725683356565504
2218	616762608671150082
2219	616766491116077056
2220	616776365866483713
2221	616779579219247106
2222	616785053562073088
2223	616785840514158592
2224	616786821981315072
2225	616788022479167488
2226	616788709770436608
2227	616788724899119104
2228	616789150788907010
2229	616789348688769025
2230	616789725773451264
2231	616791171470389248
2232	616793155577360384
2233	616794397208879104
2234	616795733862121472
2235	616801146280280064
2236	616801427265032192
2237	616801860620582912
2238	616802422040739840
2239	616803027790381056
2240	616804963038199808
2241	616806576951681024
2242	616809407704379392
2243	616815562874732544
2244	616831731648307200
2245	616832708086513665
2246	616833549069475840
2247	616868994000162816
2248	616877613483593728
2249	616877729305133056
2250	616936815996461057
2251	616937893148426240
2252	616941359111409666
2253	616962552413716480
2254	616991240886874112
2255	616996962294996992
2256	617006997469286400
2257	617010389239246848
2258	617010524241309696
2259	617020550842417152
2260	617038981910384641
2261	617042173205217280
2262	617043110804221952
2263	617050464580861952
2264	617062027719221249
2265	617080942377631744
2266	617098761672761344
2267	617113444932788224
2268	617137819442651136
2269	617140753983102976
2270	617141621180645376
2271	617141928522416128
2272	617142322799599617
2273	617154005131661313
2274	617154773154926592
2275	617163792334467078
2276	617165258872893440
2277	617173176443768832
2278	617224409481412608
2279	617249401757499392
2280	617290225161793537
2281	617305457888133120
2282	617331613601542144
2283	617340972339343360
2284	617353152053018625
2285	617364347426312192
2286	617373900297662464
2287	617387691886313472
2288	617409083243499520
2289	617419425948434432
2290	617427535681335300
2291	617428446025682944
2292	617442133276913664
2293	617444748190740481
2294	617444797914021888
2295	617471384407683072
2296	617473582961197057
2297	617478526355136512
2298	617497904488558592
2299	617517147057565696
2300	617538853721649152
2301	617557957174169600
2302	617572008583258112
2303	617619276699021313
2304	617621352690909184
2305	617639589964976128
2306	617650873615937536
2307	617659570366885888
2308	617678289088282624
2309	617681377975267328
2310	617684755459342336
2311	617688467686866945
2312	588394404768915456
2313	588397155792068608
2314	588410170390159360
2315	588412008069869568
2316	588412766794293248
2317	588415655172411393
2318	588416336629526528
2319	588416545153482752
2320	588424812592140288
2321	588426462245556225
2322	588426833428774912
2323	588428153300721664
2324	588433682609926144
2325	588446766887870464
2326	588447454871232512
2327	588452212830904320
2328	588459837253558273
2329	588461600853647361
2330	588462254430892032
2331	588462812181221376
2332	588502756488585216
2333	588502899304464385
2334	588509099119226880
2335	588509358067089408
2336	588511453352747008
2337	588512828522438656
2338	588514731637407746
2339	588515436364492800
2340	588519224550805505
2341	588521219118526465
2342	588527665365188608
2343	588528067125084160
2344	588532301287579649
2345	588533181579710464
2346	588538828698312704
2347	588541147326316545
2348	588541594443321344
2349	588551425652871168
2350	588557687979319296
2351	588560339794587648
2352	588568164692205568
2353	588570120026370049
2354	588629987487420416
2355	588632134706802688
2356	588664572363571201
2357	588669415505285120
2358	588670678158610432
2359	588690631524012032
2360	588691320811716608
2361	588694116571152384
2362	588695449445523456
2363	588700748592058368
2364	588709911808323584
2365	588713041220481024
2366	588713540569042944
2367	588715151186010112
2368	588715362952306688
2369	588716967537745923
2370	588718177095266305
2371	588736214213070848
2372	588740574456320001
2373	588740789141786626
2374	588742095839621121
2375	588751093389197312
2376	588758460239601664
2377	588759611831939072
2378	588760031471869952
2379	592538826070990848
2380	592541395652575232
2381	592544817701355520
2382	592560416221302784
2383	592613560695595008
2384	592622444214505472
2385	592688715304153089
2386	592691379614146560
2387	592692904721776642
2388	592709158513815552
2389	592710329307701248
2390	592712307769245699
2391	592718000270286848
2392	592718171716636673
2393	592727778891534337
2394	592746734457114624
2395	592751127847948289
2396	592768348993228801
2397	592774994666590208
2398	592781535352324097
2399	592782243057278977
2400	592783787525873664
2401	592785738850242562
2402	592787982777765889
2403	592790835047043072
2404	592793654256869378
2405	592803271405887488
2406	592813788665159680
2407	592833509326266369
2408	592839813235093506
2409	592844935914758144
2410	592846793332916224
2411	592849634239844352
2412	592856213274173441
2413	592858747451666433
2414	592865806385586176
2415	592870938368155648
2416	592875355133870082
2417	592878362516946945
2418	592880283071950849
2419	592895185937399808
2420	592900413348847616
2421	592903832402821122
2422	592906857783656448
2423	592907049492729858
2424	592910372174176257
2425	592915875537285121
2426	592937051378561024
2427	592950270578991104
2428	592990440548347904
2429	592995971149074432
2430	593009319265701888
2431	593016923278815232
2432	593019370483392513
2433	593021169521004544
2434	593029461068500994
2435	593040772431278080
2436	593042772166373376
2437	593047343529893891
2438	593048796285771776
2439	593048969267290112
2440	593055736726294528
2441	593067098232004608
2442	593069953038745600
2443	593078154811592704
2444	593084128054026240
2445	593087841065771008
2446	593090245945491456
2447	593104739211968513
2448	593132497770184704
2449	593137409933615104
2450	593138189163855873
2451	593155165743489025
2452	593167170156265472
2453	593167409189494784
2454	593168523964231680
2455	593179624659550208
2456	593180130933018625
2457	593180135949520897
2458	593187016906506241
2459	593208468473061377
2460	593215941908963329
2461	593217968605110272
2462	593225899010580480
2463	593227341976985602
2464	593237321337540608
2465	593242755603783680
2466	593246708961710080
2467	593248483685093376
2468	593248798865952768
2469	593258958653038592
2470	593261187858616320
2471	593264852652687360
2472	593265278928093185
2473	593265932769697792
2474	593277844618248192
2475	593307696897527808
2476	593325390514561024
2477	593390400108437504
2478	593395718145974273
2479	593397338300747776
2480	593398189610303490
2481	593400463481012225
2482	593401363616378880
2483	593401774846910468
2484	593407718892810240
2485	593416560858910720
2486	593417063869370368
2487	593427583108313088
2488	593435808541089792
2489	593435982957047809
2490	593436386902040576
2491	593437636884201472
2492	593438890951888897
2493	593455219788402688
2494	593455952797573121
2495	593456282629238784
2496	593456674519785472
2497	593458029846200321
2498	593459076299923456
2499	593461511055638528
2500	593462428794400768
2501	593463463785189378
2502	593463480436531202
2503	593470858896789506
2504	593472619208380419
2505	593473806607454209
2506	593474656205701122
2507	593475287666532352
2508	593481866428166146
2509	593486253045198848
2510	593487496954118146
2511	593489076965253120
2512	593490006548840450
2513	614108831182753792
2514	614109862813941760
2515	614115958014259200
2516	614117085594152960
2517	614132557211418624
2518	614146148035612674
2519	614146897457086464
2520	614147009608556544
2521	614147116357812226
2522	614147173379391488
2523	614147309534711808
2524	614147346998411264
2525	614147492117151744
2526	614147581816479745
2527	614147691203940352
2528	614147733390270465
2529	614147771839459328
2530	614147810276044801
2531	614147859194245124
2532	614148014425403396
2533	614148139491151873
2534	614148218562211841
2535	614149654620581888
2536	614150004173873152
2537	614151556733247489
2538	614152427294584832
2539	614152558597287936
2540	614153774043660288
2541	614153974162305024
2542	614154448013762561
2543	614154732425355264
2544	614155143001436160
2545	614155848361857024
2546	614156127798890496
2547	614156884501790725
2548	614157045797928960
2549	614157168137359360
2550	614157557477675008
2551	614157580005347328
2552	614157876563714048
2553	614158008826896384
2554	614158656964132864
2555	614160023812485121
2556	614160374682685441
2557	614160676626538496
2558	614161639475138560
2559	614164775010877440
2560	614165118671130624
2561	614167458119680001
2562	614168887702241280
2563	614168923005652992
2564	614172634788548608
2565	614172816297099264
2566	614173237069643776
2567	614173253305700352
2568	614173592935378944
2569	614175708353466368
2570	614176138915618816
2571	614176822469750784
2572	614177817027301376
2573	614180278798565377
2574	614180693585883137
2575	614181084264288256
2576	614181890338091008
2577	614183576934981632
2578	614185875807858688
2579	614187812343152640
2580	614189030670995456
2581	614192185181732864
2582	614195482319958016
2583	614200172940111872
2584	614201516417617921
2585	614206732265496576
2586	614207649178087424
2587	614208511279394817
2588	614222739935744000
2589	614225215921463296
2590	614240391018123264
2591	614249288932044800
2592	614250459826626560
2593	614251108949606400
2594	614263605802852353
2595	614270311601672192
2596	614277895859482624
2597	614278306746073088
2598	614279270022705152
2599	614280358339547136
2600	614290359393386497
2601	614300918217994240
2602	614326159661109248
2603	614344328152875008
2604	614397669197369344
2605	614405202897203200
2606	614416727783419904
2607	614421556484272130
2608	614422636005822464
2609	614435708137115649
2610	614438253089959936
2611	614443059749621760
2612	614445307909140480
2613	614445802430160896
2614	614446429684281344
2615	614448252079878144
2616	614449078202712064
2617	614449114760261632
2618	614449192233238529
2619	614451178227802112
2620	614452462695546881
2621	614453885109833730
2622	614458053308620800
2623	614459916024201216
2624	614460169657929729
2625	614462052023803904
2626	614463449108774912
2627	614464597832151040
2628	614468466700062720
2629	614469599338360834
2630	614471964330070017
2631	614488942226702336
2632	614489451876741120
2633	614492388145369088
2634	614492585709707264
2635	614498457504645120
2636	614501205201584128
2637	614501763270324225
2638	614508686472540160
2639	614514418529861632
2640	614516270323478528
2641	614516343610691584
2642	614516425638580224
2643	614522524857167872
2644	614523017905971200
2645	614524755861901313
2646	614525300328640517
2647	614526146106032128
2648	614526620615905281
2649	614527646181912576
2650	614527769758674944
2651	614530866312806400
2652	614534332221378560
2653	614534521707298816
2654	614534761722163200
2655	614536163005726721
2656	614536944161320960
2657	614539563411750912
2658	614540084335939584
2659	614541868555079680
2660	614543580032471040
2661	614544456725987329
2662	614544882632294400
2663	614549532756570116
2664	614550752648806400
2665	614550893007126528
2666	614551803519045632
2667	614553894325231618
2668	614555048744497152
2669	614555326608576512
2670	614556220842725380
2671	614561979731210244
2672	614563397967970304
2673	614568575769051136
2674	614569317716348930
2675	614581134207356929
2676	614581703336665093
2677	614596192400314369
2678	614603854949285888
2679	614603897877835776
2680	614607143749074944
2681	614607856432738304
2682	614609289467047936
2683	614609745295613952
2684	614616587333685248
2685	614618760477945856
2686	614627748829528064
2687	614634402904178688
2688	614652152590393344
2689	614660753413533696
2690	614662176549281792
2691	614662663285641216
2692	614664713918525440
2693	614666745593225216
2694	614692300556496896
2695	614706567745830912
2696	614745906118815744
2697	614758712121671680
2698	614790338239168512
2699	614790399044001792
2700	614790780587216897
2701	614804541993824256
2702	614805462840688640
2703	614819554200424448
2704	614820412132724736
2705	614833587741814784
2706	614839274798592001
2707	614839764932554752
2708	614846409590714368
2709	614848659075821568
2710	614850662015324160
2711	614854504597446656
2712	614855146636484609
2713	614879219781234688
2714	614882995741306880
2715	614885814581989376
2716	614886440246231043
2717	614899006431301632
2718	614901947418566656
2719	614904688383803392
2720	614919938201903108
2721	614931774183997444
2722	614935890922573824
2723	614975511903752192
2724	614977363156140032
2725	614979260068032512
2726	614979466943598592
2727	614984363583770624
2728	614985003424878592
2729	614990461011406848
2730	614997247915372548
2731	615002323065151488
2732	615003301780688896
2733	615008867919921152
2734	615014646702059520
2735	615025743404339200
2736	615078673868304384
2737	615131472945659904
2738	615154732865204228
2739	615164680634527744
2740	615164922239000576
2741	615174521528676352
2742	615177362188189696
2743	615179118997565440
2744	615184495503740928
2745	615185915967737856
2746	615188460802981888
2747	615193805646499840
2748	615206911483363328
2749	615214538414276612
2750	615223205507244032
2751	615226477655760896
2752	615234940893048832
2753	615241382052151297
2754	615261893846937600
2755	615265968944754688
2756	615266994145767424
2757	615269439945076736
2758	615281636448600064
2759	615296611799797760
2760	615303328206090242
2761	615326699820052480
2762	615391075604275200
2763	615392463814062080
2764	615393830385401856
2765	615395521558089728
2766	615395737397014528
2767	615486464860753920
2768	615506656873590784
2769	615513942681616384
2770	615525034778431488
2771	615532875698585600
2772	615535724872507392
2773	615535942988902400
2774	615536040141586432
2775	615537463361015809
2776	615539045251203073
2777	615540460443054080
2778	615551044429287424
2779	615555712572387328
2780	615558457366814720
2781	615572218525913088
2782	615576155857551360
2783	615579840440369153
2784	615598701533265920
2785	615602598364581888
2786	615606975578050560
2787	615607179345670144
2788	615607315710935040
2789	615609034834604033
2790	615609229492269057
2791	615611526594998272
2792	615613540599205888
2793	615613812981530625
2794	615614961537171456
2795	615615126071308288
2796	615615849853001729
2797	615622826653913089
2798	615625094979842049
2799	615630137246154752
2800	615634926562582532
2801	615636912188039169
2802	615641924876144640
2803	615642367320723458
2804	615643245847023620
2805	615646993562492928
2806	615647234068099072
2807	615647516864811008
2808	615649210461884416
2809	615649540914307072
2810	615650216377581573
2811	615650576450236421
2812	615651070463885313
2813	615653309513269249
2814	615653468649357312
2815	615656017662226432
2816	615661697521467393
2817	615661719134818304
2818	615665543580921856
2819	615677935303790592
2820	615698701194010624
2821	615703164185124864
2822	615708617816174592
2823	615728213726203904
2824	615728811309666304
2825	615730432336760832
2826	615742500565692419
2827	615762269591343104
2828	615762314604605440
2829	615762356040142848
2830	615771051562110976
2831	615778760919396352
2832	615805793082871808
2833	615828131451129856
2834	615831172216713216
2835	615863148273217536
2836	615926125550657541
2837	615942682565853184
2838	615956333175685120
2839	615961786530025472
2840	615963287180713984
2841	615971207049904128
2842	615978092188663808
2843	615982986526244864
2844	615985591788941317
2845	615997240176455681
2846	616016209658650624
2847	616022920628957185
2848	616032501816033281
2849	616034925926465536
2850	616043109986664448
2851	616045530506858500
2852	616057541940912128
2853	616058875473625088
2854	616069927250690048
2855	616074400350257152
2856	616076658219429888
2857	616080621912244226
2858	616132789092618240
2859	616132925797568512
2860	616140862746013696
2861	616148364699287552
2862	616148697127231488
2863	616179066576580608
2864	616182288661942272
2865	616182783463915521
2866	616190105435439105
2867	616200227825922048
2868	616209992824262656
2869	616218110266359808
2870	616219300764893185
2871	616231215893450752
2872	616239921196478464
2873	616245045264420864
2874	616253319120457728
2875	616277572981161984
2876	616279715448528897
2877	616284704715575296
2878	616285491311161344
2879	616290210020626432
2880	616297112901259268
2881	616306708105797633
2882	616320234622881793
2883	616320540433760256
2884	616326411419189248
2885	616337048610455552
2886	616339422255140865
2887	616340924436754432
2888	616343082817040384
2889	616343353332883456
2890	616344341112619012
2891	616347388387721216
2892	616361955415056390
2893	616368652871430144
2894	616371196192522240
2895	616379318449496064
2896	616383138957099008
2897	616392324013101057
2898	616398224501256192
2899	616403167685652481
2900	616403259385774080
2901	616406963488886784
2902	616420397974704128
2903	616429808394764288
2904	616433910361145344
2905	616434106541289472
2906	616434725150814209
2907	616442740050673664
2908	616448791525335044
2909	616457992423256064
2910	616465067597541376
2911	616507877298147328
2912	616513000938319872
2913	616517259943636992
2914	616520365334904832
